=== Z-MATRIX ===
C
C 1 1.530
C 2 1.501 1 109.86
O 3 1.260 2 120.04 1 -102.81
O 4 2.297 3 31.70 2 178.64
N 5 2.882 4 83.76 3 19.11
C 6 1.435 5 106.05 4 82.74
O 7 1.262 6 120.11 5 -71.39
C 8 2.403 7 32.90 6 176.87
C 9 1.548 8 114.10 7 -90.14
C 10 1.552 9 116.04 8 -22.67
C 11 1.536 10 112.48 9 -66.17
C 12 2.510 11 35.14 10 -122.35
N 13 4.610 12 38.38 11 33.34
H 14 7.097 13 75.94 12 -118.97
H 15 1.802 14 53.92 13 -125.55
H 16 1.807 15 60.17 14 76.10
H 17 3.087 16 53.50 15 -64.81
H 18 4.235 17 59.85 16 -176.87
H 19 4.210 18 41.08 17 54.40
H 20 2.491 19 117.70 18 104.36
H 21 2.373 20 67.30 19 40.09
H 22 1.780 21 73.36 20 -171.17
H 23 3.109 22 54.97 21 101.47
H 24 2.551 23 83.12 22 163.60
H 25 1.805 24 88.71 23 11.42
H 26 1.813 25 59.03 24 62.97
H 27 4.330 26 63.27 25 -66.75
H 28 1.795 27 57.88 26 78.53
H 29 1.808 28 60.24 27 -74.14
H 30 5.815 29 97.50 28 83.98
H 31 1.670 30 41.39 29 154.38
